bunny centre from the GT optical axes: (-0.01684, +0.11015, -0.00154)

Representation identities of the scratch pipeline trajectory:
  [PASS] frame 0 equals GT frame 0 
  [PASS] quaternion columns equal matrix columns 
  [PASS] T_wc[i+1]^-1 T_wc[i] == exported T_{i+1<-i} (all 35 pairs) (max |R entry diff| 1.4e-09, |t diff| 1.6e-09 m; CSVs store 9 decimals)
  [PASS] camera centre == -R_cw^T t_cw of the world-to-camera inverse (max 7.5e-10 m)

Explicit chain for pair 0 -> 1 (scratch pipeline):
T_rel = T_{1<-0} (x_1 = R x_0 + t), from pairs.csv:
 [[ 0.984055 -0.034679  0.174453 -0.089737]
 [ 0.027968  0.998777  0.040781 -0.020649]
 [-0.175654 -0.035252  0.983821  0.012479]
 [ 0.        0.        0.        1.      ]]
ground truth T_{1<-0} = T_gt[1]^-1 T_gt[0]:
 [[ 0.984808 -0.042116  0.168464 -0.08691 ]
 [ 0.042116  0.999106  0.003575 -0.001844]
 [-0.168464  0.003575  0.985701  0.007376]
 [ 0.        0.        0.        1.      ]]
T_rel^-1 = T_{0<-1}:
 [[ 0.984055  0.027968 -0.175654  0.091076]
 [-0.034679  0.998777 -0.035252  0.017952]
 [ 0.174453  0.040781  0.983821  0.00422 ]
 [ 0.        0.        0.        1.      ]]
T_wc[1] = T_wc[0] T_rel^-1:
 [[-0.984055 -0.027968  0.175654 -0.107916]
 [-0.008667 -0.978847 -0.204412  0.216838]
 [ 0.177655 -0.202675  0.962996 -0.502289]
 [ 0.        0.        0.        1.      ]]
C_w[1] = translation of T_wc[1] = [-0.107916  0.216838 -0.502289]   (trajectory.csv frame 1: [-0.107916  0.216838 -0.502289])
C_w[1] = C_w[0] + R_wc[0] (-R^T t)  = [-0.107916  0.216838 -0.502289]
GT C_w[1] = [-0.10375   0.235277 -0.494425];  position error 0.0205 m, rotation error 2.306 deg, look-at error 0.052 deg (GT 0.000 deg)
  [PASS] independent recomputation of T_wc[1] equals trajectory.csv 

Per frame: position error m / rotation error deg / look-at error deg
frame |            GT           |         ref PnP         |         ref ICP         |        scratch M2       |     scratch pipeline    
    0 |  0.000    0.00    0.00  |  0.000    0.00    0.00  |  0.000    0.00    0.00  |  0.000    0.00    0.00  |  0.000    0.00    0.00  
    1 |  0.000    0.00    0.00  |  0.007    0.98    0.01  |  0.024    2.72    0.20  |  0.158   18.65    0.47  |  0.020    2.31    0.05  
    2 |  0.000    0.00    0.00  |  0.022    2.87    0.08  |  0.028    3.67    0.23  |  0.422   45.63   12.48  |  0.019    2.12    0.09  
    3 |  0.000    0.00    0.00  |  0.043    5.25    0.17  |  0.036    4.32    0.92  |  0.777  103.12   42.06  |  0.037    4.15    0.02  
    4 |  0.000    0.00    0.00  |  0.050    5.91    0.20  |  0.028    3.42    0.72  |  0.557   75.62   48.37  |  0.056    6.32    0.09  
    5 |  0.000    0.00    0.00  |  0.075    8.75    0.26  |  0.046    6.28    0.59  |  0.362   47.44   68.88  |  0.058    6.54    0.18  
    6 |  0.000    0.00    0.00  |  0.102   11.73    0.30  |  0.065    7.89    0.85  |  0.858  169.43   62.11  |  0.068    7.85    0.24  
    7 |  0.000    0.00    0.00  |  0.128   14.86    0.44  |  0.074    9.06    0.78  |  0.746  150.59   68.51  |  0.064    7.51    0.33  
    8 |  0.000    0.00    0.00  |  0.143   16.44    0.42  |  0.088   11.07    0.85  |  0.728  144.24   69.88  |  0.092   10.93    0.44  
    9 |  0.000    0.00    0.00  |  0.157   17.86    0.41  |  0.113   13.88    0.85  |  0.689  139.59   68.84  |  0.095   11.95    0.53  
   10 |  0.000    0.00    0.00  |  0.166   18.68    0.32  |  0.123   14.11    0.63  |  0.461   92.96   90.74  |  0.085   11.41    0.89  
   11 |  0.000    0.00    0.00  |  0.173   19.29    0.22  |  0.157   17.52    0.55  |  1.027   95.15   50.79  |  0.287   34.20    1.23  
   12 |  0.000    0.00    0.00  |  0.183   20.32    0.25  |  0.184   20.31    0.49  |  1.223  173.16   26.02  |  0.295   34.78    1.12  
   13 |  0.000    0.00    0.00  |  0.190   21.02    0.29  |  0.204   22.35    0.53  |  1.290  178.63   20.12  |  0.301   35.67    1.01  
   14 |  0.000    0.00    0.00  |  0.199   22.12    0.32  |  0.256   29.05    0.32  |  1.282  156.15    5.44  |  0.307   36.39    0.79  
   15 |  0.000    0.00    0.00  |  0.205   22.81    0.28  |  0.272   30.73    0.27  |  1.308  154.21    4.85  |  0.306   36.52    0.58  
   16 |  0.000    0.00    0.00  |  0.213   23.70    0.25  |  0.281   31.55    0.03  |  1.251  156.63    5.71  |  0.287   33.99    0.35  
   17 |  0.000    0.00    0.00  |  0.218   24.37    0.22  |  0.290   31.88    0.39  |  0.959  163.72   29.98  |  0.291   34.39    0.46  
   18 |  0.000    0.00    0.00  |  0.224   25.17    0.15  |  0.285   30.68    1.01  |  0.867  110.88  141.69  |  0.283   33.38    0.75  
   19 |  0.000    0.00    0.00  |  0.228   25.90    0.14  |  0.288   30.84    1.30  |  1.227  166.04   25.56  |  0.280   32.70    1.11  
   20 |  0.000    0.00    0.00  |  0.225   25.92    0.19  |  0.289   30.45    1.92  |  0.858  124.98  128.81  |  0.280   32.50    1.55  
   21 |  0.000    0.00    0.00  |  0.215   25.42    0.36  |  0.294   31.01    2.11  |  1.378  162.38   30.17  |  0.289   33.14    1.87  
   22 |  0.000    0.00    0.00  |  0.215   25.78    0.52  |  0.306   32.16    2.38  |  0.945  179.73   99.40  |  0.286   32.52    2.13  
   23 |  0.000    0.00    0.00  |  0.216   26.34    0.75  |  0.306   32.35    2.54  |  1.283  163.19   68.25  |  0.252   28.38    2.28  
   24 |  0.000    0.00    0.00  |  0.206   26.11    1.00  |  0.313   33.33    2.46  |  1.164  174.36   24.00  |  0.290   31.85    2.44  
   25 |  0.000    0.00    0.00  |  0.218   27.25    1.17  |  0.397   42.47    2.53  |  1.022  171.51   29.64  |  0.322   35.24    3.00  
   26 |  0.000    0.00    0.00  |  0.222   28.01    1.60  |  0.431   46.53    2.58  |  0.864  170.85   35.82  |  0.298   31.53    3.36  
   27 |  0.000    0.00    0.00  |  0.226   28.97    1.93  |  0.452   48.92    2.87  |  0.798  166.07   36.60  |  0.269   28.60    3.35  
   28 |  0.000    0.00    0.00  |  0.232   29.89    2.14  |  0.471   51.38    3.00  |  0.901  140.69   22.20  |  0.273   27.84    3.72  
   29 |  0.000    0.00    0.00  |  0.243   31.04    2.26  |  0.506   55.95    3.18  |  0.795  128.42   21.89  |  0.165   15.82    3.10  
   30 |  0.000    0.00    0.00  |  0.249   31.58    2.29  |  0.504   56.51    3.05  |  0.527  129.40   29.01  |  0.139   13.44    3.15  
   31 |  0.000    0.00    0.00  |  0.246   30.87    2.24  |  0.506   57.91    2.69  |  0.323  133.11   32.46  |  0.151   14.58    3.97  
   32 |  0.000    0.00    0.00  |  0.237   29.28    1.99  |  0.514   59.64    2.59  |  0.346  127.91   32.85  |  0.139   13.93    4.43  
   33 |  0.000    0.00    0.00  |  0.251   30.42    1.82  |  0.531   62.48    2.50  |  0.373  116.47   34.22  |  0.133   12.57    5.16  
   34 |  0.000    0.00    0.00  |  0.268   31.89    1.64  |  0.536   64.65    2.30  |  0.344  114.56   34.66  |  0.119   11.58    5.45  
   35 |  0.000    0.00    0.00  |  0.277   32.12    1.41  |  0.525   64.92    1.64  |  0.477  143.84   27.45  |  0.095    9.88    5.61  

Selected pairs: estimated relative rotation / relative rotation error / relative translation error
pair    GT rot |          ref PnP          |          ref ICP          |         scratch M2        |      scratch pipeline     
 0->1    10.00 |    9.20    0.98  0.0073  |    7.39    2.72  0.0247  |   15.05   18.65  0.1626  |   10.48    2.31  0.0197  
 1->2    10.00 |    8.26    2.05  0.0165  |    9.19    1.33  0.0066  |   53.84   46.39  0.3556  |   10.82    0.95  0.0095  
 9->10   10.00 |    9.27    0.87  0.0077  |    9.83    2.23  0.0110  |   72.61   79.20  0.5790  |   21.52   12.17  0.1021  
10->11   10.00 |    9.50    0.72  0.0063  |    7.08    4.17  0.0372  |   72.42   79.64  0.5866  |   39.02   29.66  0.2552  
25->26   10.00 |    9.19    1.42  0.0134  |    6.92    4.26  0.0361  |   13.50    6.90  0.0654  |    6.28    3.90  0.0342  
34->35   10.00 |    9.77    0.31  0.0039  |    9.53    1.25  0.0132  |   44.28   40.66  0.3355  |    8.12    2.33  0.0204  

Summary (frame 35 position / rotation error; max look-at error over frames):
  GT                 0.0000 m     0.00 deg   look-at max    0.00 deg
  ref PnP            0.2767 m    32.12 deg   look-at max    2.29 deg
  ref ICP            0.5253 m    64.92 deg   look-at max    3.18 deg
  scratch M2         0.4771 m   143.84 deg   look-at max  141.69 deg
  scratch pipeline   0.0952 m     9.88 deg   look-at max    5.61 deg
