0.000000 -0.016840 0.235277 -0.502029 0.000000 -0.122183 0.992508 0.000000
1.000000 -0.103750 0.235277 -0.494425 0.086503 -0.121718 0.988731 0.010649
2.000000 -0.188019 0.235277 -0.471846 0.172347 -0.120327 0.977429 0.021217
3.000000 -0.267086 0.235277 -0.434976 0.256880 -0.118020 0.958689 0.031623
4.000000 -0.338551 0.235277 -0.384936 0.339458 -0.114815 0.932652 0.041789
5.000000 -0.400240 0.235277 -0.323247 0.419452 -0.110736 0.899517 0.051637
6.000000 -0.450279 0.235277 -0.251783 0.496254 -0.105814 0.859537 0.061092
7.000000 -0.487149 0.235277 -0.172715 0.569279 -0.100087 0.813015 0.070081
8.000000 -0.509729 0.235277 -0.088446 0.637972 -0.093598 0.760305 0.078538
9.000000 -0.517332 0.235277 -0.001537 0.701809 -0.086397 0.701809 0.086397
10.000000 -0.509729 0.235277 0.085373 0.760305 -0.078538 0.637971 0.093598
11.000000 -0.487149 0.235277 0.169641 0.813015 -0.070081 0.569279 0.100087
12.000000 -0.450279 0.235277 0.248709 0.859537 -0.061092 0.496254 0.105814
13.000000 -0.400240 0.235277 0.320173 0.899517 -0.051637 0.419452 0.110736
14.000000 -0.338550 0.235277 0.381862 0.932652 -0.041789 0.339457 0.114815
15.000000 -0.267086 0.235277 0.431902 0.958689 -0.031623 0.256880 0.118020
16.000000 -0.188019 0.235277 0.468772 0.977429 -0.021217 0.172347 0.120327
17.000000 -0.103750 0.235277 0.491352 0.988731 -0.010649 0.086503 0.121718
18.000000 -0.016840 0.235277 0.498955 0.992508 0.000000 -0.000000 0.122183
19.000000 0.070069 0.235277 0.491352 0.988731 0.010649 -0.086503 0.121718
20.000000 0.154338 0.235277 0.468772 0.977429 0.021217 -0.172347 0.120327
21.000000 0.233406 0.235277 0.431902 0.958689 0.031623 -0.256880 0.118020
22.000000 0.304870 0.235277 0.381862 0.932652 0.041789 -0.339458 0.114815
23.000000 0.366559 0.235277 0.320173 0.899517 0.051637 -0.419452 0.110736
24.000000 0.416598 0.235277 0.248709 0.859537 0.061092 -0.496254 0.105814
25.000000 0.453468 0.235277 0.169642 0.813015 0.070081 -0.569279 0.100087
26.000000 0.476048 0.235277 0.085373 0.760305 0.078538 -0.637972 0.093598
27.000000 0.483652 0.235277 -0.001537 -0.701809 -0.086397 0.701809 -0.086397
28.000000 0.476048 0.235277 -0.088447 -0.637971 -0.093598 0.760305 -0.078538
29.000000 0.453468 0.235277 -0.172715 -0.569279 -0.100087 0.813015 -0.070081
30.000000 0.416598 0.235277 -0.251783 -0.496254 -0.105814 0.859537 -0.061092
31.000000 0.366559 0.235277 -0.323247 -0.419452 -0.110736 0.899517 -0.051637
32.000000 0.304870 0.235277 -0.384936 -0.339457 -0.114815 0.932652 -0.041789
33.000000 0.233406 0.235277 -0.434976 -0.256880 -0.118020 0.958689 -0.031623
34.000000 0.154338 0.235277 -0.471846 -0.172347 -0.120327 0.977429 -0.021217
35.000000 0.070069 0.235277 -0.494425 -0.086503 -0.121718 0.988731 -0.010649
