# ICP global trajectory (converted from native x_i=R*x_j+t to common x_j=R*x_i+t before accumulation), frame 0 anchored to groundtruth.txt
# timestamp tx ty tz qx qy qz qw  (T_wc: camera -> world)
0.000000 -0.016840 0.235277 -0.502029 0.000000 -0.122183 0.992508 0.000000
1.000000 -0.080443 0.242054 -0.496703 0.063991 -0.127254 0.989787 0.005802
2.000000 -0.161804 0.235482 -0.480880 0.143445 -0.120528 0.982256 0.008343
3.000000 -0.270093 0.270195 -0.428357 0.254119 -0.150130 0.955370 0.012331
4.000000 -0.333985 0.262736 -0.386987 0.329132 -0.140140 0.933351 0.029797
5.000000 -0.372204 0.258423 -0.351524 0.377418 -0.136816 0.915250 0.033963
6.000000 -0.416401 0.265395 -0.298076 0.440686 -0.134962 0.885977 0.051236
7.000000 -0.459484 0.252048 -0.238765 0.505432 -0.119361 0.852771 0.055431
8.000000 -0.489681 0.250320 -0.173271 0.565332 -0.117587 0.814546 0.055567
9.000000 -0.509390 0.242968 -0.114339 0.615134 -0.107669 0.778809 0.058943
10.000000 -0.519182 0.248147 -0.036718 0.676201 -0.096143 0.725521 0.084424
11.000000 -0.523870 0.235196 0.016531 0.716627 -0.070207 0.687621 0.093241
12.000000 -0.516785 0.238748 0.076861 0.757637 -0.055961 0.640847 0.110315
13.000000 -0.506344 0.228576 0.146167 0.801363 -0.037174 0.586989 0.108992
14.000000 -0.497262 0.226490 0.180934 0.817837 -0.044006 0.564389 0.103298
15.000000 -0.467232 0.227050 0.248487 0.856544 -0.036623 0.503677 0.106300
16.000000 -0.424000 0.226423 0.316096 0.893972 -0.025636 0.433560 0.110373
17.000000 -0.369634 0.225805 0.376839 0.926845 -0.003094 0.356664 0.117214
18.000000 -0.293542 0.238873 0.430170 0.954951 0.022266 0.263012 0.135638
19.000000 -0.216952 0.248310 0.465394 0.972672 0.035698 0.179285 0.143152
20.000000 -0.133496 0.249075 0.488978 0.985400 0.037715 0.091286 0.138678
21.000000 -0.053050 0.250222 0.497341 0.989583 0.050720 0.009932 0.134366
22.000000 0.020484 0.265213 0.490022 0.984284 0.067424 -0.067787 0.148470
23.000000 0.101647 0.283049 0.466184 0.970941 0.081310 -0.154200 0.163965
24.000000 0.174178 0.289425 0.439382 0.954344 0.094760 -0.230830 0.164212
25.000000 0.187130 0.228154 0.463530 0.958827 0.128458 -0.236021 0.091886
26.000000 0.229069 0.248010 0.438935 0.940363 0.156799 -0.285727 0.097424
27.000000 0.278250 0.257148 0.400790 0.919590 0.157982 -0.345753 0.099252
28.000000 0.321988 0.265328 0.355693 0.894399 0.164333 -0.404494 0.097105
29.000000 0.346060 0.270387 0.320098 0.872986 0.177092 -0.445441 0.090088
30.000000 0.384176 0.289791 0.247901 0.832153 0.177503 -0.515182 0.102961
31.000000 0.410244 0.303016 0.176275 0.789977 0.178387 -0.576071 0.110712
32.000000 0.419184 0.323280 0.108348 0.741043 0.199987 -0.630818 0.113710
33.000000 0.420078 0.337721 0.051340 0.696060 0.219106 -0.674683 0.110891
34.000000 0.409424 0.356865 -0.016134 0.643211 0.229696 -0.720216 0.121691
35.000000 0.396089 0.352957 -0.099727 0.580025 0.222933 -0.773882 0.122386
