# PnP(RANSAC) global trajectory, accumulated via T_wc[i+1]=T_wc[i]*T_rel(i,i+1)^-1, frame 0 anchored to groundtruth.txt
# timestamp tx ty tz qx qy qz qw  (T_wc: camera -> world)
0.000000 -0.016840 0.235277 -0.502029 0.000000 -0.122183 0.992508 0.000000
1.000000 -0.097375 0.236035 -0.492675 0.080013 -0.123610 0.989085 0.005452
2.000000 -0.168770 0.227159 -0.478843 0.150961 -0.114340 0.981848 0.010601
3.000000 -0.235232 0.215214 -0.456064 0.218800 -0.101419 0.970350 0.016179
4.000000 -0.300078 0.222812 -0.414277 0.292662 -0.105851 0.949800 0.032000
5.000000 -0.346700 0.222363 -0.374615 0.350390 -0.102332 0.929975 0.043617
6.000000 -0.390615 0.219771 -0.333037 0.406618 -0.093578 0.907059 0.056115
7.000000 -0.427834 0.227847 -0.286381 0.458957 -0.095400 0.880730 0.067613
8.000000 -0.468761 0.220702 -0.224984 0.523254 -0.080417 0.845139 0.074020
9.000000 -0.503152 0.215703 -0.156814 0.585994 -0.066096 0.803622 0.080221
10.000000 -0.523199 0.218820 -0.079435 0.648078 -0.056908 0.753886 0.091717
11.000000 -0.528673 0.222139 0.001922 0.707284 -0.046744 0.697887 0.102556
12.000000 -0.518648 0.224252 0.079088 0.759343 -0.036618 0.640164 0.110670
13.000000 -0.496608 0.222344 0.157469 0.808874 -0.025336 0.576407 0.113292
14.000000 -0.464075 0.229642 0.227029 0.850197 -0.015549 0.511387 0.124126
15.000000 -0.417225 0.249089 0.292296 0.886652 -0.015516 0.439799 0.142074
16.000000 -0.361890 0.258204 0.348276 0.917682 -0.007779 0.366867 0.152342
17.000000 -0.297537 0.266452 0.396295 0.943454 0.001273 0.289766 0.161022
18.000000 -0.226146 0.275340 0.431496 0.962436 0.009604 0.211649 0.169791
19.000000 -0.149764 0.282762 0.455650 0.975372 0.016997 0.131949 0.175924
20.000000 -0.063115 0.291318 0.466424 0.981835 0.020980 0.044327 0.183287
21.000000 0.028349 0.292566 0.464743 0.981684 0.022246 -0.046801 0.183335
22.000000 0.108201 0.287985 0.450192 0.975190 0.028693 -0.128619 0.177873
23.000000 0.184424 0.287400 0.422960 0.961290 0.036315 -0.208947 0.175909
24.000000 0.259630 0.276424 0.376175 0.939971 0.035493 -0.294672 0.168414
25.000000 0.310353 0.254710 0.333354 0.919496 0.050388 -0.362617 0.143172
26.000000 0.365001 0.244063 0.277187 0.889021 0.056737 -0.435337 0.130016
27.000000 0.411764 0.248335 0.212326 0.850911 0.063510 -0.504736 0.130991
28.000000 0.446851 0.250836 0.141315 0.807727 0.072172 -0.570844 0.128472
29.000000 0.468886 0.251346 0.069065 0.761551 0.083500 -0.631175 0.121184
30.000000 0.481615 0.239336 -0.011824 0.708093 0.081842 -0.692889 0.108678
31.000000 0.482858 0.227555 -0.106071 0.641026 0.079988 -0.757402 0.095023
32.000000 0.458375 0.225305 -0.204020 0.561292 0.086577 -0.818625 0.085495
33.000000 0.424694 0.222232 -0.272813 0.496911 0.091617 -0.859624 0.075713
34.000000 0.385705 0.216551 -0.337713 0.431554 0.090828 -0.895011 0.066833
35.000000 0.329924 0.212403 -0.402066 0.354365 0.092836 -0.928907 0.054206
